7301011001
7301011002
7301011003
7301021001
7301021002
7301022003
7301022004
7301022005
7301022006
7301022007
7301022008
7301031001
7301031002
7301032003
7301032004
7301032005
7301032006
7301032007
7301032008
7301032009
7301032010
7301032011
7301032015
7301042001
7301042002
7301042003
7301042004
7301042005
7301042006
7301042008
7301042010
7301042011
7301042012
7301052001
7301052002
7301052003
7301052004
7301052005
7301052006
7301052007
7301052008
7301052009
7301052010
7301052011
7301052012
7301062001
7301062003
7301062005
7301062006
7301062007
7301062009
7301062011
7301072001
7301072002
7301072003
7301072004
7301072005
7301072006
7301072007
7301072008
7301082001
7301082002
7301082003
7301082004
7301082005
7301082006
7301082007
7301082008
7301082009
7301092001
7301092002
7301092003
7301092004
7301092005
7301092006
7301102001
7301102002
7301102003
7301102004
7301102005
7301102006
7301112001
7301112002
7301112003
7301112004
7301112005
7301112006
7301112007
7302011001
7302011002
7302011003
7302012004
7302012005
7302012006
7302012007
7302012008
7302012009
7302012010
7302012011
7302012012
7302012013
7302012014
7302012015
7302012016
7302012017
7302012018
7302012019
7302012020
7302012021
7302021001
7302021002
7302021003
7302021004
7302021005
7302021006
7302021007
7302021008
7302021009
7302031001
7302031002
7302031003
7302031004
7302032005
7302032006
7302032007
7302032008
7302041001
7302042002
7302042003
7302042004
7302042005
7302042006
7302042007
7302042008
7302042009
7302042010
7302042011
7302042012
7302042013
7302051001
7302051002
7302052003
7302052004
7302052005
7302052006
7302052007
7302052008
7302061001
7302061002
7302062003
7302062004
7302062005
7302062006
7302062007
7302062008
7302062009
7302062010
7302062011
7302062012
7302062013
7302062014
7302062015
7302062016
7302062017
7302062018
7302062019
7302071001
7302071002
7302071003
7302072004
7302072005
7302072006
7302072007
7302072008
7302072009
7302072010
7302072011
7302072012
7302072013
7302072014
7302072015
7302072016
7302072017
7302081001
7302082002
7302082003
7302082004
7302082005
7302082006
7302082007
7302082008
7302082009
7302082010
7302082011
7302082012
7302082013
7302091001
7302092002
7302092003
7302092004
7302092005
7302092006
7302092007
7302092008
7302092009
7302092010
7302092011
7302092012
7302092013
7302101002
7302102001
7302102003
7302102004
7302102005
7302102006
7302102007
7302102008
7302102009
7302102010
7302102011
7302102012
7302102013
7302102014
7302102015
7303011001
7303011002
7303011003
7303011004
7303011005
7303011006
7303011007
7303012008
7303012009
7303012010
7303012012
7303021001
7303021002
7303021003
7303021004
7303021005
7303021006
7303021007
7303021008
7303022009
7303032001
7303032002
7303032003
7303032004
7303032005
7303032006
7303032007
7303032008
7303032009
7303041001
7303041003
7303041004
7303041005
7303042006
7303042007
7303042008
7303042009
7303042010
7303042011
7303052002
7303052003
7303052004
7303052005
7303052006
7303052010
7303052012
7303052013
7303052014
7303052015
7303062001
7303062002
7303062006
7303062007
7303062010
7303062011
7303071001
7303071002
7303072003
7303072004
7303072005
7303072006
7303082001
7303082002
7303082003
7303082004
7303082005
7303082006
7304011001
7304011002
7304011003
7304011004
7304012005
7304012006
7304012007
7304012008
7304012009
7304012010
7304012011
7304012012
7304012013
7304012014
7304021001
7304021002
7304021003
7304021004
7304021005
7304021006
7304022007
7304022008
7304022009
7304022010
7304022011
7304022012
7304031001
7304031002
7304031003
7304031004
7304031005
7304031006
7304031007
7304031008
7304031009
7304031010
7304031011
7304031012
7304032013
7304041001
7304041002
7304042003
7304042008
7304042009
7304042014
7304051001
7304051002
7304051003
7304051004
7304051005
7304052006
7304052009
7304052010
7304052014
7304052021
7304061002
7304062001
7304062003
7304062004
7304062005
7304062006
7304062007
7304062008
7304071002
7304072001
7304072003
7304072004
7304072005
7304072006
7304072007
7304072008
7304072009
7304072010
7304072011
7304072012
7304082001
7304082002
7304082003
7304082004
7304082005
7304082006
7304082007
7304082008
7304082009
7304082010
7304082011
7304092001
7304092002
7304092003
7304092004
7304092005
7304092006
7304092007
7304102001
7304102002
7304102003
7304102004
7304102005
7304102006
7304102007
7304102008
7304102009
7304102010
7304102011
7304102012
7304112001
7304112002
7304112003
7304112004
7304112005
7304112006
7304112007
7304112008
7305011001
7305012003
7305012007
7305012008
7305012009
7305012010
7305012011
7305012012
7305012013
7305021002
7305022001
7305022003
7305022004
7305022005
7305022006
7305022007
7305022008
7305022009
7305022010
7305022011
7305022012
7305031001
7305031002
7305031003
7305031004
7305031005
7305031010
7305032006
7305032007
7305032008
7305032009
7305041001
7305041002
7305041003
7305041004
7305041005
7305041006
7305042007
7305042008
7305042009
7305042010
7305042011
7305042012
7305042013
7305042014
7305042015
7305042016
7305042017
7305042018
7305052006
7305052007
7305052008
7305052009
7305052011
7305052012
7305052013
7305052015
7305052016
7305052017
7305052018
7305052019
7305061004
7305062001
7305062002
7305062003
7305062005
7305062006
7305062007
7305062010
7305062011
7305062012
7305071001
7305071002
7305071003
7305071004
7305071005
7305071006
7305071007
7305071008
7305071009
7305082001
7305082002
7305082003
7305082004
7305082005
7305082006
7305092001
7305092002
7305092003
7305092004
7305092005
7305092006
7305092007
7305092008
7305092009
7305092010
7305092011
7305092012
7305092013
7305092014
7306011001
7306011002
7306011003
7306012004
7306012005
7306012006
7306012015
7306012016
7306012017
7306012018
7306012019
7306012020
7306012021
7306012022
7306021001
7306021002
7306021017
7306021018
7306022003
7306022006
7306022007
7306022009
7306022010
7306022011
7306022012
7306022013
7306022015
7306022019
7306031001
7306031002
7306032003
7306032004
7306032005
7306032006
7306032007
7306032008
7306041001
7306041002
7306041003
7306041010
7306041011
7306041012
7306042004
7306051001
7306051002
7306052006
7306052008
7306052009
7306052010
7306052011
7306061001
7306061002
7306061012
7306062003
7306062004
7306062005
7306062006
7306062013
7306062014
7306071001
7306071002
7306071003
7306071015
7306072004
7306072005
7306072006
7306072007
7306072008
7306072009
7306072010
7306072011
7306072012
7306072013
7306072014
7306072016
7306081001
7306081002
7306081003
7306081004
7306081005
7306081006
7306081007
7306081008
7306081009
7306081010
7306081011
7306081012
7306081013
7306081014
7306091001
7306091010
7306092002
7306092003
7306092004
7306092011
7306092012
7306101001
7306102002
7306102003
7306102004
7306102005
7306102006
7306102007
7306102008
7306102009
7306111004
7306112001
7306112002
7306112003
7306112005
7306112006
7306112007
7306112008
7306112009
7306112010
7306112011
7306121001
7306121005
7306122002
7306122003
7306122004
7306122006
7306122007
7306132001
7306132002
7306132003
7306132004
7306132005
7306132006
7306132007
7306132008
7306142001
7306142002
7306142003
7306142004
7306142005
7306142006
7306142007
7306152001
7306152002
7306152003
7306152004
7306152005
7306152006
7306152007
7306152008
7306161009
7306162001
7306162002
7306162003
7306162004
7306162005
7306162006
7306162007
7306162008
7306172001
7306172002
7306172003
7306172004
7306172005
7306182001
7306182002
7306182003
7306182004
7306182005
7306182006
7306182007
7307011001
7307011002
7307012003
7307012004
7307012005
7307012006
7307012007
7307012008
7307012009
7307021001
7307022002
7307022003
7307022004
7307022005
7307022006
7307022007
7307022008
7307022009
7307022010
7307022011
7307031001
7307032002
7307032003
7307032004
7307032005
7307032006
7307032007
7307032008
7307032009
7307032010
7307032011
7307032012
7307032013
7307041001
7307042002
7307042003
7307042004
7307042005
7307042006
7307042007
7307042008
7307042009
7307042010
7307042011
7307051001
7307051002
7307051003
7307051004
7307051005
7307051006
7307062001
7307062002
7307062003
7307062004
7307062005
7307062006
7307062007
7307071001
7307072002
7307072003
7307072004
7307072005
7307072006
7307072007
7307072008
7307081001
7307082002
7307082003
7307082004
7307082005
7307082006
7307082007
7307082008
7307082009
7307082010
7307082011
7307092001
7307092002
7307092003
7307092004
7308011001
7308012002
7308012003
7308012004
7308012005
7308012006
7308012007
7308012008
7308012009
7308012010
7308012011
7308021001
7308022002
7308022003
7308022004
7308022005
7308022006
7308022007
7308022008
7308022009
7308022010
7308022011
7308022012
7308022013
7308022014
7308022015
7308022016
7308022017
7308022018
7308022019
7308022020
7308031001
7308032002
7308032003
7308032004
7308032005
7308032006
7308032007
7308032008
7308032009
7308032010
7308032011
7308032012
7308032013
7308032014
7308032015
7308032016
7308032017
7308032018
7308041001
7308042002
7308042003
7308042004
7308042005
7308042006
7308042007
7308042008
7308052001
7308052002
7308052003
7308052004
7308052005
7308052006
7308052007
7308052008
7308052009
7308052010
7308052011
7308061001
7308061010
7308062002
7308062003
7308062004
7308062005
7308062006
7308062007
7308062008
7308062009
7308062011
7308062012
7308062013
7308062014
7308062015
7308062016
7308062017
7308062018
7308062019
7308062020
7308071001
7308072002
7308072003
7308072004
7308072005
7308072006
7308072007
7308072008
7308072009
7308072010
7308072011
7308072012
7308072013
7308072014
7308072015
7308072016
7308072017
7308072018
7308081001
7308082002
7308082003
7308082004
7308082005
7308082006
7308082007
7308082008
7308082009
7308082010
7308082011
7308082012
7308082013
7308082014
7308082015
7308082016
7308082017
7308082018
7308082019
7308082020
7308091006
7308092001
7308092002
7308092003
7308092004
7308092005
7308092007
7308092008
7308092009
7308092010
7308092011
7308092012
7308092013
7308092014
7308092015
7308092016
7308092017
7308092018
7308101001
7308102002
7308102003
7308102004
7308102005
7308102006
7308102007
7308102008
7308102009
7308102010
7308102011
7308102012
7308112001
7308112002
7308112003
7308112004
7308112005
7308112006
7308112007
7308112008
7308112009
7308122001
7308122002
7308122003
7308122004
7308122005
7308122006
7308122007
7308122008
7308122009
7308131001
7308132002
7308132003
7308132004
7308132005
7308132006
7308132007
7308132008
7308132009
7308132010
7308132011
7308132012
7308141001
7308142002
7308142003
7308142004
7308142005
7308142006
7308142007
7308142008
7308142009
7308142010
7308142011
7308142012
7308142013
7308142014
7308142015
7308152001
7308152002
7308152003
7308152004
7308152005
7308152006
7308152007
7308152008
7308152009
7308152010
7308152011
7308152012
7308152013
7308152014
7308152015
7308161001
7308162002
7308162003
7308162004
7308162005
7308162006
7308162007
7308162008
7308162009
7308162010
7308162011
7308162012
7308162013
7308162014
7308162015
7308162016
7308162017
7308162018
7308171001
7308171002
7308172003
7308172004
7308172005
7308172006
7308172007
7308172008
7308172009
7308172010
7308172011
7308172012
7308172013
7308172014
7308172015
7308172016
7308172017
7308181001
7308181002
7308182003
7308182004
7308182005
7308182006
7308182007
7308182008
7308182009
7308182010
7308182011
7308182012
7308182013
7308182014
7308191001
7308192002
7308192003
7308192004
7308192005
7308192006
7308192007
7308192008
7308192009
7308192010
7308192011
7308192012
7308192013
7308192014
7308192015
7308192016
7308192017
7308192018
7308192019
7308192020
7308192021
7308192022
7308201001
7308202002
7308202003
7308202004
7308202005
7308202006
7308202007
7308202008
7308202009
7308202010
7308202011
7308202012
7308202013
7308202014
7308202015
7308202016
7308211001
7308211002
7308211003
7308211004
7308211005
7308211006
7308211007
7308211008
7308221001
7308221002
7308221003
7308221004
7308221005
7308221006
7308221007
7308221008
7308231001
7308231002
7308231003
7308231004
7308231005
7308231006
7308231007
7308231008
7308241015
7308242001
7308242002
7308242003
7308242004
7308242005
7308242006
7308242007
7308242008
7308242009
7308242010
7308242011
7308242012
7308242013
7308242014
7308252001
7308252002
7308252003
7308252004
7308252005
7308252006
7308252007
7308252008
7308252009
7308252010
7308252011
7308262001
7308262002
7308262003
7308262004
7308262005
7308262006
7308262007
7308262008
7308262009
7308272001
7308272002
7308272003
7308272004
7308272005
7308272006
7308272007
7308272008
7308272009
7308272010
7309011001
7309011002
7309012003
7309012004
7309012005
7309012006
7309021001
7309021002
7309022003
7309022004
7309022005
7309022006
7309022007
7309022008
7309031001
7309031002
7309032003
7309032004
7309032005
7309032006
7309032007
7309032008
7309041001
7309041002
7309041003
7309042004
7309042005
7309042006
7309042007
7309051001
7309052002
7309052003
7309052004
7309052005
7309052006
7309052007
7309052008
7309052009
7309061001
7309062002
7309062003
7309062004
7309062005
7309062006
7309062007
7309062008
7309062009
7309062010
7309062011
7309071001
7309072002
7309072003
7309072004
7309072005
7309072006
7309072007
7309072008
7309082001
7309082002
7309082003
7309082004
7309082005
7309082006
7309082007
7309092001
7309092002
7309092003
7309092004
7309092005
7309092006
7309102001
7309102002
7309102003
7309102004
7309102005
7309102006
7309102007
7309112001
7309112002
7309112003
7309112004
7309112005
7309112006
7309112007
7309112008
7309121001
7309121002
7309121003
7309121004
7309122005
7309122006
7309132001
7309132002
7309132003
7309132004
7309132005
7309141001
7309141002
7309141003
7309141004
7309141005
7309141006
7309141007
7310011001
7310012002
7310012003
7310012004
7310012005
7310012006
7310012007
7310012008
7310012009
7310021001
7310022002
7310022003
7310022004
7310022005
7310022006
7310022007
7310031001
7310031016
7310032002
7310032003
7310032009
7310032010
7310032011
7310032013
7310032015
7310041001
7310041002
7310041003
7310041004
7310041005
7310041006
7310041007
7310041008
7310041009
7310051001
7310051002
7310051003
7310051004
7310052005
7310061001
7310061002
7310061003
7310062004
7310062005
7310062006
7310062007
7310062008
7310071001
7310071002
7310071003
7310071004
7310072005
7310072006
7310072007
7310072008
7310072009
7310072010
7310072011
7310072012
7310072013
7310081001
7310081002
7310081003
7310081004
7310082005
7310082006
7310082007
7310082008
7310082009
7310082010
7310091001
7310091002
7310091003
7310091004
7310092005
7310092006
7310101001
7310101002
7310101003
7310101004
7310101005
7310101006
7310102007
7310102008
7310112001
7310112002
7310112003
7310112004
7310112005
7310112006
7310122001
7310122002
7310122003
7310122004
7310122005
7310122006
7310132001
7310132002
7310132003
7310132004
7310132005
7310132006
7310132007
7311011001
7311012002
7311012003
7311012004
7311012005
7311012006
7311012007
7311021001
7311021002
7311022003
7311022004
7311022005
7311022006
7311022007
7311022008
7311022009
7311022010
7311031001
7311031002
7311031003
7311031004
7311031005
7311032006
7311032007
7311032008
7311032009
7311032010
7311041001
7311041002
7311042003
7311042004
7311042005
7311042006
7311042007
7311051001
7311051002
7311051003
7311052004
7311052005
7311052006
7311052007
7311052008
7311061007
7311062001
7311062002
7311062003
7311062004
7311062005
7311062006
7311071001
7311072002
7311072003
7311072004
7311072005
7311072006
7312011001
7312011002
7312012003
7312012004
7312012005
7312012006
7312012007
7312012008
7312012009
7312012010
7312012011
7312012012
7312012013
7312021001
7312021002
7312021003
7312022005
7312022006
7312022009
7312022010
7312022011
7312031001
7312031002
7312031003
7312031004
7312032005
7312032006
7312032007
7312032009
7312032010
7312032011
7312032012
7312032013
7312041001
7312041002
7312041003
7312041004
7312041005
7312041006
7312041007
7312042008
7312042009
7312042010
7312051001
7312051002
7312051003
7312051004
7312051005
7312052006
7312052007
7312052008
7312052009
7312052010
7312062002
7312062003
7312062004
7312062005
7312062006
7312062007
7312062008
7312062009
7312062010
7312072001
7312072002
7312072003
7312072004
7312082001
7312082002
7312082003
7312082004
7313011001
7313011002
7313011003
7313012004
7313012005
7313012006
7313012007
7313012008
7313012009
7313012010
7313012011
7313012012
7313012013
7313012014
7313012015
7313021001
7313021002
7313022003
7313022004
7313022005
7313022006
7313022007
7313022008
7313022009
7313022010
7313022011
7313022012
7313022013
7313022014
7313022015
7313022016
7313031001
7313031002
7313032003
7313032004
7313032005
7313032006
7313032007
7313032008
7313032009
7313032010
7313032011
7313032012
7313032013
7313041001
7313041002
7313041003
7313042004
7313042005
7313042006
7313042007
7313042008
7313042009
7313051001
7313051002
7313051003
7313051004
7313052005
7313052006
7313052007
7313052008
7313052009
7313052010
7313052011
7313052012
7313052013
7313052014
7313052015
7313052016
7313052017
7313052018
7313061001
7313061002
7313061003
7313061004
7313061005
7313061006
7313061007
7313061008
7313061009
7313061010
7313061011
7313061012
7313061013
7313061014
7313061015
7313061016
7313071001
7313071002
7313071003
7313072004
7313072005
7313072006
7313072007
7313072008
7313072009
7313081001
7313081002
7313081003
7313081004
7313082005
7313082006
7313082007
7313082008
7313082009
7313082010
7313082011
7313082012
7313082013
7313082014
7313082015
7313082016
7313082017
7313082018
7313082019
7313091001
7313091002
7313091003
7313092004
7313092005
7313092006
7313092007
7313092008
7313101001
7313101002
7313101003
7313101004
7313102005
7313102006
7313102007
7313102008
7313102009
7313102010
7313102011
7313102012
7313102013
7313102014
7313102015
7313102016
7313102017
7313102018
7313102019
7313102020
7313102021
7313102022
7313102023
7313102024
7313102025
7313102026
7313102027
7313111001
7313112002
7313112003
7313112004
7313112005
7313112006
7313112007
7313112008
7313112009
7313112010
7313112011
7313121001
7313122002
7313122003
7313122004
7313122005
7313122006
7313122007
7313122008
7313122009
7313122010
7313131002
7313132001
7313132003
7313132004
7313132005
7313132006
7313132007
7313132008
7313132009
7313141001
7313142002
7313142003
7313142004
7313142005
7313142006
7313142007
7313142008
7313142009
7313142010
7314011001
7314011002
7314011003
7314012004
7314012005
7314012006
7314012007
7314012008
7314012009
7314012010
7314021001
7314021002
7314021003
7314021004
7314021005
7314021006
7314022007
7314022008
7314022009
7314031001
7314031002
7314031003
7314031004
7314031005
7314032006
7314032007
7314032008
7314032009
7314032010
7314041001
7314041002
7314041003
7314041004
7314041005
7314042006
7314042007
7314042008
7314042009
7314051001
7314051002
7314051003
7314051004
7314052005
7314052006
7314052007
7314052008
7314062001
7314062002
7314062003
7314062004
7314062005
7314062006
7314071001
7314071002
7314071003
7314071004
7314071005
7314071006
7314071007
7314072008
7314072009
7314072010
7314072011
7314072012
7314081001
7314081002
7314081003
7314082004
7314082005
7314082006
7314082007
7314082008
7314091001
7314091002
7314092003
7314092004
7314092005
7314092006
7314092007
7314092008
7314092009
7314092010
7314101001
7314101002
7314102003
7314102004
7314102005
7314102006
7314102007
7314102008
7314102009
7314102010
7314102011
7314102012
7314111001
7314112002
7314112003
7314112004
7314112005
7314112006
7314112007
7314112008
7314112009
7314112010
7314112011
7314112012
7315011001
7315011002
7315012003
7315012004
7315012005
7315012006
7315012007
7315012008
7315012009
7315021001
7315021002
7315022003
7315022004
7315022005
7315022006
7315022007
7315022008
7315022009
7315022010
7315031001
7315031002
7315032003
7315032004
7315032005
7315032006
7315032007
7315032008
7315032009
7315041001
7315041002
7315041003
7315041004
7315041005
7315041006
7315041007
7315041008
7315051001
7315051002
7315051003
7315051004
7315052005
7315052006
7315052007
7315052008
7315052009
7315052010
7315052011
7315061001
7315061002
7315061003
7315061004
7315061005
7315062006
7315062007
7315062008
7315062009
7315062010
7315062011
7315062012
7315062013
7315062014
7315062015
7315071001
7315071002
7315072003
7315072004
7315072005
7315072006
7315072007
7315072008
7315072009
7315072010
7315072011
7315072012
7315072013
7315072014
7315072015
7315072016
7315081001
7315082002
7315082003
7315082004
7315082005
7315082006
7315082007
7315091001
7315091002
7315091003
7315091004
7315091005
7315101001
7315102002
7315102003
7315102004
7315102005
7315102006
7315102007
7315111001
7315111002
7315111003
7315111004
7315111005
7315111006
7315121003
7315122001
7315122004
7315122005
7315122006
7316011001
7316012002
7316012003
7316012004
7316012005
7316012006
7316012007
7316012008
7316012009
7316012010
7316012011
7316012012
7316012013
7316012014
7316012015
7316012016
7316012017
7316012018
7316012019
7316012020
7316012021
7316012022
7316021001
7316021002
7316021003
7316021004
7316021010
7316021016
7316022005
7316022006
7316022007
7316022008
7316022011
7316022012
7316022013
7316022014
7316022015
7316022017
7316022018
7316022019
7316031001
7316031002
7316031021
7316032003
7316032005
7316032006
7316032007
7316032010
7316032011
7316032012
7316032015
7316032019
7316032020
7316032022
7316032023
7316041001
7316041002
7316041004
7316042003
7316042005
7316042006
7316042007
7316042008
7316042009
7316042010
7316042011
7316042012
7316042013
7316042014
7316042015
7316051001
7316051002
7316051003
7316052004
7316052010
7316052011
7316052017
7316052018
7316062002
7316062003
7316062004
7316062007
7316062008
7316062009
7316062010
7316072001
7316072002
7316072003
7316072004
7316072005
7316072006
7316072007
7316082001
7316082002
7316082003
7316082004
7316082005
7316082006
7316082007
7316082008
7316082009
7316082010
7316082011
7316091001
7316092002
7316092003
7316092004
7316092005
7316092006
7316092007
7316092008
7316102001
7316102002
7316102003
7316102004
7316102005
7316102006
7316102007
7316102008
7316112001
7316112003
7316112004
7316112006
7316112008
7316112055
7316122001
7316122002
7316122003
7316122004
7316122005
7317012005
7317012006
7317012008
7317012010
7317012011
7317012012
7317012013
7317012016
7317012017
7317012019
7317012020
7317012022
7317021003
7317022001
7317022002
7317022004
7317022005
7317022006
7317022007
7317022008
7317022009
7317022010
7317022011
7317022012
7317022013
7317031003
7317032002
7317032004
7317032005
7317032006
7317032008
7317032011
7317032012
7317032013
7317032015
7317032016
7317032017
7317032018
7317041005
7317042004
7317042006
7317042007
7317042008
7317042010
7317042013
7317042014
7317042015
7317042017
7317042018
7317042019
7317051001
7317052002
7317052003
7317052004
7317052005
7317052006
7317052007
7317052008
7317052009
7317052010
7317061006
7317062001
7317062005
7317062008
7317062011
7317062012
7317062015
7317062021
7317062022
7317071001
7317071003
7317071005
7317071007
7317072004
7317072006
7317072014
7317072015
7317072016
7317081001
7317082002
7317082003
7317082004
7317082005
7317082006
7317082007
7317082008
7317082009
7317082010
7317082011
7317082012
7317082013
7317082014
7317082015
7317091001
7317092007
7317092008
7317092010
7317092011
7317092014
7317092020
7317092022
7317092024
7317092026
7317101001
7317102002
7317102003
7317102004
7317102005
7317102006
7317102007
7317102008
7317102009
7317102010
7317111001
7317111004
7317112005
7317112006
7317112007
7317112013
7317112014
7317112016
7317112017
7317112019
7317122001
7317122002
7317122003
7317122004
7317122005
7317122006
7317122007
7317122008
7317122009
7317122010
7317122011
7317122012
7317131001
7317132002
7317132003
7317132004
7317132005
7317132006
7317132007
7317132008
7317141001
7317141004
7317142002
7317142003
7317142005
7317142006
7317142007
7317142008
7317152001
7317152002
7317152003
7317152004
7317152005
7317152006
7317161004
7317162001
7317162002
7317162003
7317162005
7317162006
7317162007
7317162008
7317162009
7317162010
7317162011
7317172001
7317172002
7317172003
7317172004
7317172005
7317172006
7317172007
7317172008
7317182001
7317182002
7317182003
7317182004
7317182005
7317182006
7317182007
7317182008
7317182009
7317191002
7317192001
7317192003
7317192004
7317192005
7317192006
7317192007
7317192008
7317202001
7317202002
7317202003
7317202004
7317202005
7317202006
7317202007
7317202008
7317202009
7317211005
7317212001
7317212002
7317212003
7317212004
7317212006
7317212007
7317212008
7317212009
7317212010
7317212011
7317212012
7317212013
7317222001
7317222002
7317222003
7317222004
7317222005
7317222006
7317222007
7317222008
7317222009
7317222010
7317222011
7317222012
7318011009
7318012010
7318012011
7318012012
7318012013
7318012014
7318012015
7318012016
7318012017
7318021006
7318022002
7318022004
7318022007
7318022008
7318022009
7318022010
7318022011
7318022012
7318022013
7318022014
7318022015
7318022016
7318022017
7318022018
7318031007
7318032001
7318032002
7318032004
7318032006
7318032008
7318051003
7318051005
7318051006
7318051007
7318051009
7318051014
7318051015
7318051016
7318051017
7318051018
7318051019
7318051020
7318051021
7318051022
7318052023
7318091008
7318092003
7318092004
7318092006
7318092009
7318092010
7318111003
7318111012
7318111013
7318112007
7318112011
7318112014
7318121002
7318121016
7318121023
7318121024
7318122004
7318122006
7318122009
7318122012
7318122015
7318122017
7318122018
7318122019
7318122020
7318122021
7318122022
7318122025
7318122026
7318122027
7318131009
7318131010
7318132004
7318132006
7318132008
7318191002
7318191004
7318191012
7318192001
7318192003
7318192005
7318192006
7318192007
7318192008
7318192009
7318192010
7318192011
7318201001
7318201013
7318202002
7318202003
7318202004
7318202005
7318202006
7318202007
7318202008
7318202009
7318202010
7318202011
7318202012
7318271001
7318271002
7318271003
7318271004
7318271005
7318281004
7318282001
7318282002
7318282003
7318282005
7318282006
7318291001
7318291002
7318291003
7318291004
7318292005
7318292006
7318292007
7318292008
7318312001
7318312002
7318312003
7318312004
7318312005
7318312006
7318312007
7318312008
7318331005
7318332001
7318332002
7318332003
7318332004
7318341001
7318341006
7318342002
7318342003
7318342004
7318342005
7318351001
7318352002
7318352003
7318352004
7318352005
7318352006
7318372001
7318372002
7318372003
7318372004
7318372005
7318381002
7318382001
7318382003
7318382004
7318382005
7318382006
7322012001
7322012002
7322012003
7322012004
7322012005
7322012006
7322012007
7322012008
7322012009
7322012010
7322012011
7322012012
7322012013
7322012014
7322021001
7322022002
7322022007
7322022008
7322022011
7322022012
7322022015
7322022017
7322022018
7322022020
7322022021
7322031001
7322031002
7322031003
7322031006
7322032004
7322032005
7322032007
7322032008
7322032009
7322032010
7322032011
7322032012
7322032013
7322032014
7322032015
7322032016
7322032017
7322032018
7322032019
7322041012
7322042001
7322042002
7322042003
7322042004
7322042005
7322042006
7322042007
7322042008
7322042009
7322042010
7322042011
7322042013
7322042014
7322042015
7322042016
7322042017
7322042018
7322042019
7322042020
7322052001
7322052002
7322052003
7322052004
7322052005
7322052006
7322052007
7322062001
7322062002
7322062003
7322062004
7322062005
7322062006
7322062007
7322062008
7322062009
7322062010
7322062011
7322062012
7322062013
7322062014
7322062015
7322062016
7322062017
7322062018
7322062019
7322062020
7322062021
7322062022
7322062023
7322062024
7322062025
7322072001
7322072002
7322072003
7322072004
7322072005
7322072006
7322072007
7322072008
7322072009
7322072010
7322072011
7322072012
7322082001
7322082002
7322082003
7322082004
7322082005
7322082006
7322082007
7322082008
7322082009
7322082010
7322082011
7322082012
7322082013
7322092001
7322092002
7322092003
7322092004
7322092005
7322092006
7322102001
7322102002
7322102003
7322102004
7322102005
7322102006
7322102007
7322102009
7322102010
7322102011
7322102012
7322102013
7322102014
7322102015
7322102016
7322111005
7322112001
7322112002
7322112003
7322112004
7322112006
7322112007
7322112008
7322112009
7322112010
7322112011
7322112012
7322112013
7322112014
7322112015
7322112016
7322112017
7322112018
7322112019
7322112020
7322112021
7322122001
7322122002
7322122003
7322122004
7322122005
7322122006
7322122007
7322122008
7322122009
7322122010
7324012001
7324012002
7324012003
7324012004
7324012007
7324012009
7324012011
7324012013
7324012014
7324012015
7324012016
7324021007
7324022001
7324022003
7324022005
7324022009
7324032001
7324032002
7324032003
7324032004
7324032005
7324032006
7324032007
7324032008
7324032009
7324032010
7324032011
7324032012
7324032013
7324032014
7324032015
7324032016
7324032017
7324032018
7324041003
7324042001
7324042002
7324042004
7324042005
7324042006
7324042007
7324042008
7324042009
7324042010
7324042011
7324042012
7324042013
7324042014
7324042015
7324052001
7324052002
7324052003
7324052004
7324052005
7324052006
7324052007
7324052008
7324052009
7324052010
7324062001
7324062002
7324062003
7324062004
7324062005
7324062006
7324062007
7324062008
7324062009
7324062010
7324062011
7324062012
7324062013
7324062014
7324062015
7324062016
7324072001
7324072002
7324072003
7324072004
7324072005
7324072006
7324072007
7324072008
7324072009
7324072010
7324072011
7324072012
7324072013
7324072014
7324072015
7324072016
7324072017
7324072018
7324081003
7324082001
7324082002
7324082007
7324082008
7324082011
7324082012
7324082015
7324082016
7324082017
7324082018
7324082019
7324082020
7324092001
7324092002
7324092003
7324092004
7324092005
7324092006
7324092007
7324092008
7324102001
7324102002
7324102003
7324102004
7324102005
7324102006
7324102007
7324112001
7324112002
7324112003
7324112004
7324112005
7324112006
7326011001
7326011002
7326011003
7326011004
7326011005
7326011006
7326011007
7326011008
7326011009
7326012010
7326012011
7326021001
7326021002
7326021004
7326021005
7326021007
7326021009
7326022003
7326022006
7326022008
7326031004
7326032001
7326032002
7326032003
7326032005
7326032006
7326032007
7326032008
7326032009
7326041002
7326041004
7326042001
7326042003
7326042005
7326042006
7326042007
7326042008
7326042009
7326051005
7326051006
7326052001
7326052002
7326052003
7326052004
7326061002
7326061004
7326061005
7326062001
7326062003
7326062006
7326062007
7326062008
7326062009
7326062010
7326071006
7326072001
7326072002
7326072003
7326072004
7326072005
7326081002
7326082001
7326082003
7326082004
7326082005
7326082006
7326082007
7326082008
7326091001
7326091002
7326092003
7326092004
7326092005
7326092006
7326092007
7326101002
7326101005
7326102001
7326102003
7326102004
7326102006
7326102007
7326111001
7326111002
7326111003
7326111004
7326111005
7326111007
7326112006
7326121004
7326122001
7326122002
7326122003
7326122005
7326122006
7326122007
7326122008
7326131002
7326132001
7326132003
7326132004
7326132005
7326132006
7326132007
7326132008
7326132009
7326132010
7326132011
7326132012
7326132013
7326141002
7326142001
7326142003
7326142004
7326151003
7326151004
7326152001
7326152002
7326152005
7326152006
7326152007
7326162001
7326162002
7326162003
7326162004
7326172001
7326172002
7326172003
7326172004
7326181002
7326181005
7326182001
7326182003
7326182004
7326182006
7326182007
7326192001
7326192002
7326192003
7326192004
7326192005
7326201003
7326202001
7326202002
7326202004
7326202005
7326202006
7326211002
7326212001
7326212003
7326212004
7371011001
7371011002
7371011003
7371011004
7371011005
7371011006
7371011007
7371011008
7371011009
7371021001
7371021002
7371021003
7371021004
7371021005
7371021006
7371021007
7371021008
7371021009
7371021010
7371021011
7371021012
7371021013
7371031001
7371031002
7371031003
7371031004
7371031005
7371031006
7371031007
7371031008
7371031009
7371031010
7371031011
7371031012
7371031013
7371031014
7371041001
7371041002
7371041003
7371041004
7371041005
7371041006
7371041007
7371041008
7371041009
7371041010
7371051001
7371051002
7371051003
7371051004
7371051005
7371051006
7371051007
7371051008
7371061001
7371061002
7371061003
7371061004
7371061005
7371061006
7371061007
7371061008
7371061009
7371061010
7371061011
7371061012
7371071001
7371071002
7371071003
7371071004
7371071005
7371071006
7371071007
7371071008
7371071009
7371071010
7371071011
7371071012
7371071013
7371071014
7371071015
7371081001
7371081002
7371081003
7371081004
7371081005
7371081006
7371081007
7371081008
7371081009
7371081010
7371081011
7371081012
7371091001
7371091002
7371091003
7371091004
7371091005
7371091006
7371091007
7371091008
7371091009
7371091010
7371091011
7371101001
7371101002
7371101003
7371101004
7371101005
7371101006
7371101007
7371101008
7371101009
7371101010
7371111001
7371111002
7371111003
7371111004
7371111005
7371111006
7371111007
7371121001
7371121002
7371121003
7371121004
7371121005
7371121006
7371131001
7371131002
7371131003
7371131004
7371131005
7371131006
7371131007
7371131008
7371131009
7371131010
7371141001
7371141002
7371141003
7371141004
7371141005
7371141006
7372011004
7372011005
7372011009
7372011010
7372021001
7372021002
7372021003
7372021004
7372021005
7372031001
7372031002
7372031003
7372031004
7372031005
7372031006
7372031007
7372041001
7372041002
7372041003
7372041004
7372041005
7372041006
7373011001
7373011002
7373011003
7373011005
7373011011
7373011012
7373021002
7373021003
7373021005
7373021007
7373021008
7373021009
7373031001
7373031002
7373031006
7373031007
7373041002
7373041003
7373041004
7373041005
7373041006
7373041007
7373041008
7373051001
7373051002
7373051003
7373051004
7373051005
7373051006
7373051007
7373061001
7373061002
7373061003
7373061004
7373061005
7373071001
7373071002
7373071003
7373071004
7373081001
7373081002
7373081003
7373081004
7373091001
7373091002
7373091003
7373091004
7373091005